15257.029993378219  0.01289954525104665 0.0008410878063009932   8.008155315193385e-6    0.000796453151425173
15257.240778493222  0.012967495279627787    0.0008455183454684698   7.68998471496517e-6 0.0007648094123531018
15257.45156652035   0.013562413758898943    0.0008843087577597478   7.609550958190516e-6    0.0007568098523367521
15257.662357459641  0.014259537734326004    0.0009297632651707125   9.904628161149709e-6    0.0009850673472423413
15257.873151311138  0.014332627559177942    0.0009345289339792818   9.572327666637087e-6    0.000952018315891439
15258.083948074911  0.01433830479108748 0.0009348991059845522   5.370086349963391e-6    0.0005340833223775162
15258.294747750937  0.014947959805755555    0.0009746503831736427   3.9920163876799227e-7   3.9702701900354326e-5
15258.505550339289  0.015461322389708416    0.0010081231142793294   -3.0354366290150416e-6  -0.00030189013249327235
15258.716355840006  0.015337643559222108    0.0010000588954099732   -5.961813462554988e-6   -0.0005929336949112705
15258.92716425313   0.015677892730442858    0.0010222441293425083   -9.04761712247425e-6    -0.0008998330934480583
15259.137975578698  0.016644823743295477    0.0010852908390223414   -1.2179586142416192e-5  -0.0012113238797676208
15259.348789816753  0.01715851224891491 0.0011187848211670554   -1.7008515528210074e-5  -0.0016915862967600023
15259.559606967336  0.01714533289066117 0.001117925488740496    -1.7863898801425832e-5  -0.0017766586607208428
15259.770427030484  0.017028938853360615    0.001110336259539436    -1.2382497109472594e-5  -0.0012315044423079338
15259.981250006238  0.0163283986101367  0.0010646590015484256   -5.489806926815411e-6   -0.0005459901632130485
15260.192075894642  0.014853730831689596    0.000968506380455353    -5.267462507848632e-6   -0.0005238768417029232
15260.402904695731  0.013702077488956637    0.0008934152384959203   -6.621656468300319e-6   -0.0006585585511593334
15260.613736409548  0.0133277294011493  0.0008690066561901761   -5.62399541133875e-6    -0.0005593359135359494
15260.824571036133  0.01288287082391007 0.0008400005852347704   -6.766622843831065e-6   -0.0006729762194109838
15261.035408575526  0.01189223783563    0.0007754084379345175   -1.0460689879044567e-5  -0.0010403706087517691
15261.246249027768  0.011105591648856267    0.0007241168224014138   -1.23390470314789e-5    -0.0012271831035993686
15261.457092392899  0.01054930956148811 0.0006878456150492742   -1.278710013869362e-5   -0.0012717443408883067
15261.667938670958  0.010114943271240105    0.0006595236716717623   -1.402481643218424e-5   -0.0013948417339484317
15261.878787862017  0.00983955050991246 0.0006415672639854178   -1.3886863642048397e-5  -0.0013811216036403778
15262.089639966056  0.009368434408241788    0.0006108491261940792   -1.122794331456504e-5   -0.0011166779969842009
15262.300494983143  0.00879416281113183 0.0005734049505712996   -8.757671901012476e-6   -0.0008709965166978828
15262.51135291332   0.0082718978403572  0.000539351757995302    -6.413896380390827e-6   -0.0006378957180544426
15262.722213756628  0.0077080733958392435   0.0005025887670565319   -1.7237574452832785e-8  -1.71436741116118e-6
15262.933077513106  0.007029726504129357    0.00045835858002625095  4.9764574742650224e-6   0.0004949348610649444
15263.143944182793  0.006619285761048103    0.00043159665179573817  4.7291223952492795e-6   0.0004703360870169007
15263.354813765733  0.0067158391459939265   0.00043789221285270096  1.994901804563049e-6    0.0001984034732710022
15263.565686261962  0.007043530893157224    0.000459258666274162    9.962947271994277e-7    9.9086748944642e-5
15263.776561671524  0.0076282867841117805   0.0004973864482984659   3.1331617198346795e-6   0.0003116094065948801
15263.987439994457  0.008093984012511077    0.0005277512598179289   3.9668595179261396e-6   0.00039452503603658215
15264.1983212308    0.008246481445424086    0.0005376945352450165   2.102484269470683e-6    0.00020910311505382447
15264.409205380598  0.00858910025658956 0.0005600342765825834   2.4165822076753303e-6   0.0002403418064743841
15264.620092443887  0.009094321290801548    0.0005929761550048482   5.852455113556904e-6    0.0005820574321183985
15264.830982420708  0.009198659883067948    0.0005997793341847311   6.0297230277844735e-6   0.0005996876582286804
15265.041875311103  0.009042438874152056    0.0005895932707902457   1.3822190396824608e-6   0.0001374689509363478
15265.25277111511   0.009600874295196363    0.0006260048817506256   1.1868622542898857e-6   0.00011803969148092597
15265.463669832772  0.010479545073948998    0.0006832967678891603   5.235583234808763e-6    0.0005207062803840668
15265.674571464158  0.01082913148590752 0.0007060908170299988   5.723187950663011e-6    0.0005692011331069019
15265.885476009245  0.010738440645848345    0.0007001775109225006   2.171948919805261e-6    0.00021601173976127202
15266.096383468108  0.010828853113198877    0.0007060726663210948   3.783793129330542e-6    0.000376318121163145
15266.307293840786  0.010683523376928373    0.0006965967455276744   7.307606556615071e-6    0.0007267798940349077
15266.518207127318  0.010243918523339158    0.0006679332326092929   6.10586036101472e-6 0.0006072599163337761
15266.729123327743  0.009634106247587529    0.0006281717015409216   1.8154197304249753e-6   0.00018055303731599685
15266.940042442104  0.008560546355832253    0.0005581724793423009   2.3346089235858113e-6   0.00023218913237203474
15267.150964470442  0.006813345882742017    0.0004442499352153839   6.274732346094575e-6    0.0006240551231461489
15267.361889412794  0.004583624664097021    0.0002988656374006427   1.5855417948418642e-6   0.00015769046796860648
15267.572817269202  0.0019341762613653427   0.0001261139084371393   -6.8293100034099385e-6  -0.0006792107870280431
15267.783748039707  -0.00116145721237848    -7.573038272745464e-5   -1.0298492949529581e-5  -0.0010242392713114717
15267.994681724347  -0.004618485061419548   -0.0003011386365289186  -1.1325778982528822e-5  -0.001126408268564187
15268.205618323165  -0.00809569947697472    -0.0005278631130820892  -1.4631170063465933e-5  -0.0014551467906693178
15268.416557836199  -0.011549327345634882   -0.0007530496782903207  -1.908751573311267e-5   -0.0018983537981178689
15268.627500263492  -0.015583505705414032   -0.0010160898212425132  -2.2625715165705032e-5  -0.002250246334856324
15268.83844560508   -0.020403305005524792   -0.0013303547306828128  -2.40617613611743e-5    -0.002393068679448427
15269.049393861007  -0.025332587576582927   -0.0016517582672914083  -2.4094772473628364e-5  -0.0023963518081480174
15269.260345031313  -0.03128910577913896    -0.002040140549819801   -2.629220630972545e-5   -0.002614898156829264
15269.471299116067  -0.03887577165356317    -0.00253481319395354    -2.9964422376917794e-5  -0.002980119352512189
15269.68225611525   -0.047841020041845726   -0.0031193734209299336  -3.311306070492309e-5   -0.003293267989162644
15269.89321602893   -0.058007753099064654   -0.0037822739370276027  -3.4561400771719315e-5  -0.0034373130238970063
15270.10417885715   -0.07008277575750506    -0.0045696004761548925  -3.24870678449102e-5    -0.0032310097078851806
15270.315144599948  -0.0836394643877345 -0.005453535938901544   -2.640148509252364e-5   -0.0026257665063452126
15270.526113257367  -0.0979749892993023 -0.006388253788669581   -1.931935794938862e-5   -0.0019214117255079693
15270.737084829445  -0.11398343703064356    -0.007432051063891003   -1.3765476436042375e-5  -0.0013690490077726666
15270.948059316222  -0.13130195956242458    -0.008561269020116872   -8.475666310084916e-6   -0.000842949577949374
15271.159036717741  -0.1481388248460903 -0.009659081525195278   -1.1771274422689786e-6  -0.00011707151324169112
15271.370017034042  -0.16412516390965345    -0.010701437251081445   8.230959746091424e-6    0.0008186122235405159
15271.581000265161  -0.17856179730400754    -0.01164274766751211    1.687980498170357e-5    0.0016787853561748126
15271.791986411143  -0.19006911287757608    -0.012393058056275677   2.7391881336122026e-5   0.0027242666200826475
15272.002975472025  -0.19764408522944474    -0.012886968248784743   3.690597536231234e-5    0.003670493294250455
15272.213967447851  -0.20094303541369732    -0.013102069379837726   3.79258983034737e-5 0.0037719299933061824
15272.424962338657  -0.19962816837246636    -0.01301633623081864    3.2923907545837854e-5   0.0032744557129609528
15272.635960144486  -0.19420158405620339    -0.012662507176425992   2.799122693384842e-5    0.0027838746910195757
15272.846960865378  -0.18504707529954922    -0.012065606623883434   1.92044310332769e-5 0.0019099816394371988
15273.057964501371  -0.1725667887017875 -0.011251855699162473   7.177697013167793e-6    0.0007138597068998644
15273.268971052541  -0.15775237309032036    -0.010285912785223776   -7.649162685559418e-6   -0.0007607494468943777
15273.479980518861  -0.14162239691319028    -0.009234191502459268   -2.373685220401607e-5   -0.0023607547554596385
15273.690992900407  -0.12463050013219672    -0.008126270493595858   -3.4889981022889643e-5  -0.003469992057487199
15273.902008197214  -0.10767972967771776    -0.007021031040638198   -4.020829592574365e-5   -0.003998926437245448
15274.113026409328  -0.09175607447015931    -0.005982762484176332   -4.6271256593272574e-5  -0.004601919753503784
15274.324047536784  -0.07686338395604898    -0.005011715819301358   -4.855799226822759e-5   -0.00482934763959122
15274.535071579627  -0.06331517436302667    -0.004128333214400877   -4.4614122845620446e-5  -0.0044371090894115795
15274.746098537893  -0.05182610447207524    -0.0033792124971232613  -4.350142207236036e-5   -0.004326445147145766
15274.957128411625  -0.04180803570235064    -0.0027260053242412195  -4.507585552315595e-5   -0.00448303083189345
15275.168161200863  -0.033137607117617  -0.0021606682045135816  -4.0680492506073905e-5  -0.004045888869877431
15275.379196905647  -0.02638283116601277    -0.0017202371988757252  -3.2554944212521044e-5  -0.00323776036952487
15275.590235526017  -0.02127079302695138    -0.0013869174685727298  -2.617796948611738e-5   -0.002603536704086355
15275.801277062013  -0.017094679366304676   -0.001114622731871686   -2.171853758768381e-5   -0.00216002275495816
15276.012321513675  -0.01398954765205622    -0.0009121591278465003  -1.5341152914993237e-5  -0.0015257583182059931
15276.223368881047  -0.011331829947257134   -0.0007388682163769351  -9.985102429516807e-6   -0.0009930709363495617
15276.434419164163  -0.008520768011504627   -0.0005555788157892315  -7.977983696399682e-6   -0.000793452425299613
15276.645472363069  -0.0062115719958606985  -0.0004050125304421294  -9.438663559257961e-6   -0.0009387247176326037
15276.8565284778    -0.004763403612819885   -0.00031058774687486184 -1.2885774282314528e-5  -0.0012815580032809366
15277.067587508433  -0.0034010147283356695  -0.0002217560356882438  -1.4563619200938622e-5  -0.0014484285022216283
15277.278649454942  -0.0015967955583389983  -0.00010411570695994457 -1.2573416106705556e-5  -0.0012504923403978516
15277.489714317398  -7.671480761809923e-5   -5.0020282106514126e-6  -1.0837092842203761e-5  -0.0010778058624918091
15277.700782095846  0.0006940910552289414   4.525675220746901e-5    -1.1065361087490171e-5  -0.0011005083396757528
15277.911852790323  0.0015845841757511844   0.00010331948935747885  -9.790000200670568e-6   -0.000973666993881082
15278.122926400867  0.0026626350378556895   0.00017361153586313387  -6.694401393635871e-6   -0.0006657934164626784
15278.334002927524  0.003460395169349233    0.00022562781286311989  -6.017378389904829e-6   -0.0005984599190858353
15278.545082370329  0.004177592073182286    0.0002723911334911755   -5.97097018631111e-6    -0.0005938443792330964
15278.756164729324  0.004927035991854916    0.0003212570531212366   -5.57956661727406e-6    -0.0005549172363682242
15278.96725000455   0.005294904798953976    0.00034524316751115335  -4.558319799849556e-6   -0.00045334887085744194
15279.178338196049  0.00540977439527104 0.0003527329987336269   -5.052975229590495e-6   -0.0005025449541475961
15279.389429303857  0.005770433271481259    0.0003762490046943813   -6.100247208826483e-6   -0.0006067016588357892
15279.60052332802   0.005906464502396083    0.0003851186359388851   -7.0448806872892796e-6  -0.0007006504249687359
15279.81162026857   0.005806875199933393    0.00037862512424454114  -5.682443334355772e-6   -0.0005651488667878481
15280.022720125557  0.006083776814891639    0.00039667991356880333  -1.3287620946683217e-6  -0.00013215237668843125
15280.233822899012  0.006489898111489832    0.00042316020134640337  3.993608204551415e-6    0.0003971853335608779
15280.444928588982  0.006555226921609777    0.000427419829459075    4.756137058701787e-6    0.00047302283733511934
15280.656037195506  0.006760019120353664    0.00044077287546471437  4.393231635753987e-6    0.00043692998493655405
15280.867148718653  0.007142764809115509    0.0004657290057364961   7.260833422554884e-6    0.0007221280599285448
15281.078263158402  0.007000721565252564    0.0004564673737909151   6.9295500228680985e-6   0.0006891801840057595
15281.289380514827  0.006926240879174109    0.0004516110167917846   3.108626795414708e-6    0.0003091692793614346
15281.500500787964  0.007493962522430824    0.0004886281164044738   -4.896494564133326e-7   -4.869821292228573e-5
15281.711623977857  0.00818999715508509 0.0005340115955035678   -6.14110707179127e-6    -0.0006107653870408807
15281.922750084545  0.008710621555398668    0.000567957818121841    -1.1173994484491447e-5  -0.0011113125021808851
15282.133879108065  0.009245400863967024    0.0006028269818594095   -1.2798073428625896e-5  -0.0012728356922675043
15282.345011048465  0.009450245476980961    0.0006161834454276496   -1.565006550267702e-5   -0.0015564812992536847
15282.556145905777  0.00997965516345524 0.000650702494213111    -1.5703024562178312e-5  -0.0015617483561695628
15282.767283680047  0.010771308583127281    0.0007023205958705018   -1.1045093941425541e-5  -0.001098492665438898
15282.978424371313  0.011051700994114408    0.0007206029952319423   -1.0431852931285468e-5  -0.0010375026226780422
15283.189567979614  0.011066282510984649    0.0007215537524716937   -1.4411086928003281e-5  -0.0014332583656930685
15283.400714504995  0.011648203098051377    0.0007594966644497439   -1.6048558575208002e-5  -0.001596113530516264
15283.61186394749   0.011970233770104751    0.0007804939993361835   -1.5630515901977132e-5  -0.0015545369886760677
15283.823016307144  0.012059420815514175    0.0007863092536660051   -1.9005637374061192e-5  -0.00189021056480965
15284.034171583997  0.012013653979492316    0.0007833251230659099   -2.396365557099102e-5   -0.0023833115427934616
15284.245329778085  0.012147983740520818    0.0007920838135333301   -2.7411560001136834e-5  -0.0027262237667849782
15284.456490889454  0.01240336492223868 0.0008087354081222326   -3.134119324787429e-5   -0.003117046454423324
15284.667654918172  0.012361486614821848    0.0008060048208781618   -3.0434121377545e-5 -0.003026833387710913
15284.878821864218  0.012422177800040702    0.0008099620623811824   -2.6800690705854983e-5  -0.0026654696035367897
15285.089991727664  0.012585637172520493    0.0008206200880978029   -2.553382854409411e-5   -0.0025394735006338594
15285.301164508548  0.01309461563555895 0.0008538069617898605   -2.726386807651444e-5   -0.0027115350283457543
15285.512340206913  0.013109099732427723    0.0008547513669626412   -2.7499888230709123e-5  -0.002735008473628661
15285.723518822799  0.012962675543530972    0.0008452040846800679   -2.3816459145498437e-5  -0.002368672084347936
15285.934700356243  0.013207227888767176    0.0008611496076870741   -1.843470779162156e-5   -0.0018334286159988927
15286.14588480729   0.01357219826350832 0.0008849467358711837   -1.810336839590974e-5   -0.0018004751709770016
15286.357072175979  0.012742982682796875    0.0008308794722461653   -2.167073570111932e-5   -0.0021552686060062626
15286.568262462348  0.010742308352199678    0.0007004296966071234   -1.9007460145469016e-5  -0.001890391849009937
15286.779455666438  0.010156281515114256    0.0006622190452046878   -1.9050900784713326e-5  -0.0018947122489852489
15286.990651788292  0.010620646292506765    0.0006924969770495195   -1.585205790235145e-5   -0.0015765705054382108